A      = [27.5 55.00 110.00 220.00 440.00 880.00];
Asharp = [29.14 58.27 116.54 233.08 466.16 932.32];
B      = [30.87 61.74 123.48 246.96 493.92 987.84];
C      = [32.71 65.41 130.82 261.64 523.28 1046.56];
Csharp = [34.65 69.30 138.60 277.20 554.40 1108.80];
D      = [36.71 73.42 146.84 293.68 587.36 1174.72];
Dsharp = [38.89 77.78 155.56 311.12 622.24 1244.48];
E      = [44.21 82.41 164.82 329.64 659.28 1318.56];
F      = [43.66 87.31 174.62 349.24 698.48 1396.96];
Fsharp = [46.25 92.50 185.00 370.00 740.00 1480.00];
G      = [49.00 98.00 196.00 392.00 784.00 1568.00];
